scenes <- [
	[
		[-0.9982709884643555, 0.0, 0.05870969593524933],
		[4.931297681309843e-08, -0.9999998211860657, -1.150183379650116e-07],
		[-0.05870981514453888, 4.079192876815796e-07, -0.9982714056968689],
		[-20.945716857910156, 1710.377685546875, -3141.679931640625]
	],
	[
		[0.99953693151474, 0.0, 0.030262917280197144],
		[-0.028019942343235016, -0.3778400719165802, 0.9254423975944519],
		[-0.011434555053710938, 0.9258702397346497, 0.37766575813293457],
		[-39.46103286743164, 63.76698684692383, -10627.814453125]
	],
	[
		[-0.290129154920578, 0.0, -0.9569821357727051],
		[0.9250189065933228, -0.25628870725631714, -0.28043845295906067],
		[0.2452642023563385, 0.9665995836257935, -0.0743570625782013],
		[-17919.720703125, -2950.77978515625, -12988.9150390625]
	],
	[
		[-0.9172912240028381, 0.0, 0.39819851517677307],
		[0.0020848040003329515, 0.9999855160713196, 0.00480303168296814],
		[0.39819303154945374, -0.005236518569290638, 0.9172791838645935],
		[-16623.841796875, -4965.7880859375, -13360.6669921875]
	],
	[
		[-0.9224239587783813, 0.0, 0.3861570954322815],
		[-0.3861352503299713, -0.010471422225236893, -0.9223736524581909],
		[-0.004044057801365852, 0.9999437928199768, -0.009659447707235813],
		[-19635.2578125, -2957.236083984375, -17251.181640625]
	],
	[
		[0.9744962453842163, 0.0, -0.22436726093292236],
		[0.22435437142848969, -0.010471422225236893, 0.9744429588317871],
		[0.002349826041609049, 0.9999437928199768, 0.01020478643476963],
		[-19589.662109375, -2423.576416015625, -14134.9521484375]
	],
	[
		[0.5910822153091431, 0.0, -0.8066002726554871],
		[0.8065559267997742, -0.010471422225236893, 0.5910505652427673],
		[0.008446825668215752, 0.9999437928199768, 0.006189546547830105],
		[-15521.8212890625, -344.1627502441406, -4680.99951171875]
	],
	[
		[0.7958276271820068, 0.0, -0.6055073738098145],
		[0.09158988296985626, 0.988493025302887, 0.12037759274244308],
		[-0.5985406637191772, 0.15126022696495056, -0.7866712808609009],
		[-13398.326171875, -3654.105224609375, -3144.246337890625]
	],
	[
		[0.04302206635475159, 0.0, 0.9990640878677368],
		[-0.9983938336372375, -0.036643318831920624, 0.04299358278512955],
		[-0.036609750241041183, 0.9993267059326172, 0.0015767344739288092],
		[-24511.58984375, -253.899658203125, 4663.46337890625]
	],
	[
		[-0.9482254385948181, 0.0, 0.3175622522830963],
		[-0.2578871548175812, -0.5835399031639099, -0.7700376510620117],
		[-0.18531082570552826, 0.8120822310447693, -0.5533283948898315],
		[-26355.783203125, -401.0032653808594, 9320.58203125]
	],
	[
		[0.26245176792144775, 0.0, 0.9649330973625183],
		[-0.9545787572860718, -0.14608235657215118, 0.25963613390922546],
		[-0.14096041023731232, 0.9892690777778625, 0.038339823484420776],
		[-32854.65234375, -913.657470703125, 14790.58984375]
	],
	[
		[0.9032041430473328, 0.0, -0.4291771948337555],
		[0.4148424565792084, -0.2562881112098694, 0.8730334639549255],
		[0.10999367386102676, 0.9665963649749756, 0.23148126900196075],
		[-36262.79296875, -1244.6781005859375, 17649.65625]
	],
	[
		[-0.37404680252075195, 0.0, -0.9273938536643982],
		[0.7670250535011292, -0.5620807409286499, -0.3093661069869995],
		[0.5212705731391907, 0.8270771503448486, -0.21024534106254578],
		[-26087.10546875, 131.42982482910156, 17019.375]
	],
	[
		[0.5783364176750183, 0.0, -0.8157793879508972],
		[0.8150611519813538, -0.041875194758176804, 0.5778257250785828],
		[0.03416169434785843, 0.9991187453269958, 0.024218514561653137],
		[-14089.5830078125, -1957.8563232421875, 22759.521484375]
	],
	[
		[0.4921754002571106, 0.0, -0.8704754114151001],
		[0.8697079420089722, -0.041875194758176804, 0.4917404055595398],
		[0.036452144384384155, 0.9991187453269958, 0.020610427483916283],
		[-23621.388671875, -4299.49853515625, 7456.05078125]
	],
	[
		[0.405679851770401, 0.0, -0.9139926433563232],
		[0.9131870269775391, -0.041875194758176804, 0.4053218364715576],
		[0.03827451542019844, 0.9991187453269958, 0.016988368704915047],
		[16092.0625, -4500.09765625, -1190.9830322265625]
	],
	[
		[-0.6503047943115234, 0.0, -0.7596427798271179],
		[0.7546040415763855, 0.11493697762489319, -0.6459929943084717],
		[-0.08731003105640411, 0.9933686256408691, 0.07474357634782791],
		[23086.9296875, -5116.38818359375, -126.69166564941406]
	],
	[
		[-0.35728809237480164, 0.0, 0.9339672327041626],
		[-0.886727511882782, -0.31399083137512207, -0.3392152190208435],
		[-0.2932579219341278, 0.9494215250015259, -0.11218529939651489],
		[26985.97265625, -4406.4521484375, 7185.29248046875]
	],
	[
		[-0.927261233329773, 0.0, -0.3743421137332916],
		[0.3554063141345978, -0.31399083137512207, -0.8803605437278748],
		[0.11753988265991211, 0.9494215250015259, -0.29115214943885803],
		[28069.607421875, -2591.94091796875, 14008.9462890625]
	],
	[
		[0.4596545994281769, 0.0, 0.8880656361579895],
		[-0.8804641366004944, -0.13052549958229065, 0.4557228684425354],
		[-0.11591602861881256, 0.9914429187774658, 0.059997595846652985],
		[35829.79296875, -3524.839111328125, 27834.841796875]
	],
	[
		[-0.7596369981765747, 0.0, 0.6502982378005981],
		[-0.17487724125385284, -0.9631606340408325, -0.204279825091362],
		[-0.6263425350189209, 0.2689196765422821, -0.7316498160362244],
		[19838.94921875, -2471.798583984375, 3245.158935546875]
	],
	[
		[-0.9990332722663879, 0.0, 0.0430188924074173],
		[-0.043020233511924744, -0.0026172958314418793, -0.9990269541740417],
		[-0.00011298997560516, 0.9999948143959045, -0.0026166625320911407],
		[4785.72900390625, -633.9723510742188, -12.773965835571289]
	],
	[
		[0.49415507912635803, 0.0, 0.8693175911903381],
		[-0.6258590817451477, -0.6940285563468933, 0.3557641804218292],
		[-0.6033318638801575, 0.7199447751045227, 0.34295928478240967],
		[1365.82373046875, -1499.37451171875, 14318.7548828125]
	],
	[
		[-0.6261052489280701, 0.0, -0.7796746492385864],
		[0.5584799647331238, -0.6977883577346802, -0.4484790563583374],
		[0.5440481901168823, 0.7163007855415344, -0.4368903636932373],
		[-2885.23291015625, 1162.9063720703125, 16444.544921875]
	]
]
